rcc.

rcc. RCC-CR () $00000305 
3|3|2|2|2|2|2|2|2|2|2|2|1|1|1|1|1|1|1|1|1|1|
1|0|9|8|7|6|5|4|3|2|1|0|9|8|7|6|5|4|3|2|1|0|9|8|7|6|5|4|3|2|1|0 
0 0 0 0 0 0 0 0 0 0 0 0 0 0 0 0 0 0 0 0 0 0 1 1 0 0 0 0 0 1 0 1

RCC-ICSCR () $0059B063 
3|3|2|2|2|2|2|2|2|2|2|2|1|1|1|1|1|1|1|1|1|1|
1|0|9|8|7|6|5|4|3|2|1|0|9|8|7|6|5|4|3|2|1|0|9|8|7|6|5|4|3|2|1|0 
0 0 0 0 0 0 0 0 0 1 0 1 1 0 0 1 1 0 1 1 0 0 0 0 0 1 1 0 0 0 1 1

RCC-CRRCR () $00003900 
3|3|2|2|2|2|2|2|2|2|2|2|1|1|1|1|1|1|1|1|1|1|
1|0|9|8|7|6|5|4|3|2|1|0|9|8|7|6|5|4|3|2|1|0|9|8|7|6|5|4|3|2|1|0 
0 0 0 0 0 0 0 0 0 0 0 0 0 0 0 0 0 0 1 1 1 0 0 1 0 0 0 0 0 0 0 0

RCC-CFGR () $00000005 
3|3|2|2|2|2|2|2|2|2|2|2|1|1|1|1|1|1|1|1|1|1|
1|0|9|8|7|6|5|4|3|2|1|0|9|8|7|6|5|4|3|2|1|0|9|8|7|6|5|4|3|2|1|0 
0 0 0 0 0 0 0 0 0 0 0 0 0 0 0 0 0 0 0 0 0 0 0 0 0 0 0 0 0 1 0 1

RCC-CIER (read-only) $00000000 
3|3|2|2|2|2|2|2|2|2|2|2|1|1|1|1|1|1|1|1|1|1|
1|0|9|8|7|6|5|4|3|2|1|0|9|8|7|6|5|4|3|2|1|0|9|8|7|6|5|4|3|2|1|0 
0 0 0 0 0 0 0 0 0 0 0 0 0 0 0 0 0 0 0 0 0 0 0 0 0 0 0 0 0 0 0 0

RCC-CIFR (read-only) $00000000 
3|3|2|2|2|2|2|2|2|2|2|2|1|1|1|1|1|1|1|1|1|1|
1|0|9|8|7|6|5|4|3|2|1|0|9|8|7|6|5|4|3|2|1|0|9|8|7|6|5|4|3|2|1|0 
0 0 0 0 0 0 0 0 0 0 0 0 0 0 0 0 0 0 0 0 0 0 0 0 0 0 0 0 0 0 0 0

RCC-CICR (read-only) $00000000 
3|3|2|2|2|2|2|2|2|2|2|2|1|1|1|1|1|1|1|1|1|1|
1|0|9|8|7|6|5|4|3|2|1|0|9|8|7|6|5|4|3|2|1|0|9|8|7|6|5|4|3|2|1|0 
0 0 0 0 0 0 0 0 0 0 0 0 0 0 0 0 0 0 0 0 0 0 0 0 0 0 0 0 0 0 0 0

RCC-IOPRSTR (read-write) $00000000 
3|3|2|2|2|2|2|2|2|2|2|2|1|1|1|1|1|1|1|1|1|1|
1|0|9|8|7|6|5|4|3|2|1|0|9|8|7|6|5|4|3|2|1|0|9|8|7|6|5|4|3|2|1|0 
0 0 0 0 0 0 0 0 0 0 0 0 0 0 0 0 0 0 0 0 0 0 0 0 0 0 0 0 0 0 0 0

RCC-AHBRSTR (read-write) $00000000 
3|3|2|2|2|2|2|2|2|2|2|2|1|1|1|1|1|1|1|1|1|1|
1|0|9|8|7|6|5|4|3|2|1|0|9|8|7|6|5|4|3|2|1|0|9|8|7|6|5|4|3|2|1|0 
0 0 0 0 0 0 0 0 0 0 0 0 0 0 0 0 0 0 0 0 0 0 0 0 0 0 0 0 0 0 0 0

RCC-APB2RSTR (read-write) $00000000 
3|3|2|2|2|2|2|2|2|2|2|2|1|1|1|1|1|1|1|1|1|1|
1|0|9|8|7|6|5|4|3|2|1|0|9|8|7|6|5|4|3|2|1|0|9|8|7|6|5|4|3|2|1|0 
0 0 0 0 0 0 0 0 0 0 0 0 0 0 0 0 0 0 0 0 0 0 0 0 0 0 0 0 0 0 0 0

RCC-APB1RSTR (read-write) $00000000 
3|3|2|2|2|2|2|2|2|2|2|2|1|1|1|1|1|1|1|1|1|1|
1|0|9|8|7|6|5|4|3|2|1|0|9|8|7|6|5|4|3|2|1|0|9|8|7|6|5|4|3|2|1|0 
0 0 0 0 0 0 0 0 0 0 0 0 0 0 0 0 0 0 0 0 0 0 0 0 0 0 0 0 0 0 0 0

RCC-IOPENR (read-write) $0000008F 
3|3|2|2|2|2|2|2|2|2|2|2|1|1|1|1|1|1|1|1|1|1|
1|0|9|8|7|6|5|4|3|2|1|0|9|8|7|6|5|4|3|2|1|0|9|8|7|6|5|4|3|2|1|0 
0 0 0 0 0 0 0 0 0 0 0 0 0 0 0 0 0 0 0 0 0 0 0 0 1 0 0 0 1 1 1 1

RCC-AHBENR (read-write) $00000100 
3|3|2|2|2|2|2|2|2|2|2|2|1|1|1|1|1|1|1|1|1|1|
1|0|9|8|7|6|5|4|3|2|1|0|9|8|7|6|5|4|3|2|1|0|9|8|7|6|5|4|3|2|1|0 
0 0 0 0 0 0 0 0 0 0 0 0 0 0 0 0 0 0 0 0 0 0 0 1 0 0 0 0 0 0 0 0

RCC-APB2ENR (read-write) $00004000 
3|3|2|2|2|2|2|2|2|2|2|2|1|1|1|1|1|1|1|1|1|1|
1|0|9|8|7|6|5|4|3|2|1|0|9|8|7|6|5|4|3|2|1|0|9|8|7|6|5|4|3|2|1|0 
0 0 0 0 0 0 0 0 0 0 0 0 0 0 0 0 0 1 0 0 0 0 0 0 0 0 0 0 0 0 0 0

RCC-APB1ENR (read-write) $00000000 
3|3|2|2|2|2|2|2|2|2|2|2|1|1|1|1|1|1|1|1|1|1|
1|0|9|8|7|6|5|4|3|2|1|0|9|8|7|6|5|4|3|2|1|0|9|8|7|6|5|4|3|2|1|0 
0 0 0 0 0 0 0 0 0 0 0 0 0 0 0 0 0 0 0 0 0 0 0 0 0 0 0 0 0 0 0 0

RCC-IOPSMEN (read-write) $0000009F 
3|3|2|2|2|2|2|2|2|2|2|2|1|1|1|1|1|1|1|1|1|1|
1|0|9|8|7|6|5|4|3|2|1|0|9|8|7|6|5|4|3|2|1|0|9|8|7|6|5|4|3|2|1|0 
0 0 0 0 0 0 0 0 0 0 0 0 0 0 0 0 0 0 0 0 0 0 0 0 1 0 0 1 1 1 1 1

RCC-AHBSMENR (read-write) $01111301 
3|3|2|2|2|2|2|2|2|2|2|2|1|1|1|1|1|1|1|1|1|1|
1|0|9|8|7|6|5|4|3|2|1|0|9|8|7|6|5|4|3|2|1|0|9|8|7|6|5|4|3|2|1|0 
0 0 0 0 0 0 0 1 0 0 0 1 0 0 0 1 0 0 0 1 0 0 1 1 0 0 0 0 0 0 0 1

RCC-APB2SMENR (read-write) $00405225 
3|3|2|2|2|2|2|2|2|2|2|2|1|1|1|1|1|1|1|1|1|1|
1|0|9|8|7|6|5|4|3|2|1|0|9|8|7|6|5|4|3|2|1|0|9|8|7|6|5|4|3|2|1|0 
0 0 0 0 0 0 0 0 0 1 0 0 0 0 0 0 0 1 0 1 0 0 1 0 0 0 1 0 0 1 0 1

RCC-APB1SMENR (read-write) $F8FE4A33 
3|3|2|2|2|2|2|2|2|2|2|2|1|1|1|1|1|1|1|1|1|1|
1|0|9|8|7|6|5|4|3|2|1|0|9|8|7|6|5|4|3|2|1|0|9|8|7|6|5|4|3|2|1|0 
1 1 1 1 1 0 0 0 1 1 1 1 1 1 1 0 0 1 0 0 1 0 1 0 0 0 1 1 0 0 1 1

RCC-CCIPR (read-write) $00000000 
3|3|2|2|2|2|2|2|2|2|2|2|1|1|1|1|1|1|1|1|1|1|
1|0|9|8|7|6|5|4|3|2|1|0|9|8|7|6|5|4|3|2|1|0|9|8|7|6|5|4|3|2|1|0 
0 0 0 0 0 0 0 0 0 0 0 0 0 0 0 0 0 0 0 0 0 0 0 0 0 0 0 0 0 0 0 0

RCC-CSR () $1C000000 
3|3|2|2|2|2|2|2|2|2|2|2|1|1|1|1|1|1|1|1|1|1|
1|0|9|8|7|6|5|4|3|2|1|0|9|8|7|6|5|4|3|2|1|0|9|8|7|6|5|4|3|2|1|0 
0 0 0 1 1 1 0 0 0 0 0 0 0 0 0 0 0 0 0 0 0 0 0 0 0 0 0 0 0 0 0 0

 ok.
